{
 "cells": [
  {
   "cell_type": "markdown",
   "metadata": {},
   "source": [
    "## Tauchen_MATLAB"
   ]
  },
  {
   "cell_type": "code",
   "execution_count": 9,
   "metadata": {},
   "outputs": [],
   "source": [
    "import numpy as np\n",
    "from scipy.stats import norm"
   ]
  },
  {
   "cell_type": "code",
   "execution_count": 10,
   "metadata": {},
   "outputs": [],
   "source": [
    "# Example usage\n",
    "Sigma_example = np.array([[0.1, 0], [0, 0.1]])  # Covariance matrix\n",
    "B_example = np.array([[0.9, 0.05], [0.05, 0.9]])  # Lag operator matrix\n",
    "ny_example = 5  # Number of grid points"
   ]
  },
  {
   "cell_type": "code",
   "execution_count": 11,
   "metadata": {},
   "outputs": [],
   "source": [
    "def tauchen_var(Sigma, B, ny):\n",
    "    \"\"\"\n",
    "    Compute the Markov transition matrix (P) and the grid (G) to match MATLAB results exactly.\n",
    "\n",
    "    Parameters:\n",
    "        Sigma (numpy.ndarray): Covariance matrix of shocks (MxM).\n",
    "        B (numpy.ndarray): Lag operator matrix (MxM).\n",
    "        ny (int): Number of grid points.\n",
    "\n",
    "    Returns:\n",
    "        P (numpy.ndarray): Markov transition matrix (NxN).\n",
    "        G (numpy.ndarray): Grid (NxM).\n",
    "    \"\"\"\n",
    "    # Dimensions\n",
    "    M = B.shape[0]  # Number of random variables\n",
    "    nSig = 3  # Fixed grid spacing\n",
    "\n",
    "    # Compute unconditional variance\n",
    "    Sigy = np.linalg.solve(np.eye(M) - np.dot(B.T, B), Sigma)\n",
    "    stdy = np.sqrt(np.diag(Sigy))\n",
    "\n",
    "    # Create grid points\n",
    "    grids = [np.linspace(-nSig * stdy[m], nSig * stdy[m], ny) for m in range(M)]\n",
    "    G = np.array(np.meshgrid(*grids, indexing=\"ij\")).reshape(M, -1).T\n",
    "\n",
    "    # Create bounds\n",
    "    edges = [\n",
    "        np.hstack([-np.inf, 0.5 * (grids[m][1:] + grids[m][:-1]), np.inf]) for m in range(M)\n",
    "    ]\n",
    "    lower_bounds = np.array(np.meshgrid(*[edges[m][:-1] for m in range(M)], indexing=\"ij\")).reshape(M, -1).T\n",
    "    upper_bounds = np.array(np.meshgrid(*[edges[m][1:] for m in range(M)], indexing=\"ij\")).reshape(M, -1).T\n",
    "\n",
    "    # Transition matrix\n",
    "    N = G.shape[0]\n",
    "    P = np.zeros((N, N))\n",
    "    mu = np.dot(G, B.T)\n",
    "    stde = np.sqrt(np.diag(Sigma))\n",
    "\n",
    "    for i in range(N):\n",
    "        for j in range(N):\n",
    "            prob = 1\n",
    "            for m in range(M):\n",
    "                lower = (lower_bounds[j, m] - mu[i, m]) / stde[m]\n",
    "                upper = (upper_bounds[j, m] - mu[i, m]) / stde[m]\n",
    "                prob *= max(0, norm.cdf(upper) - norm.cdf(lower))\n",
    "            P[i, j] = prob\n",
    "\n",
    "    # Normalize probabilities\n",
    "    P /= P.sum(axis=1, keepdims=True)\n",
    "\n",
    "    return P, G\n",
    "\n",
    "\n",
    "# Compute the Markov transition matrix and grid\n",
    "P, G = tauchen_var(Sigma_example, B_example, ny_example)"
   ]
  },
  {
   "cell_type": "code",
   "execution_count": 12,
   "metadata": {},
   "outputs": [
    {
     "name": "stdout",
     "output_type": "stream",
     "text": [
      "Transition Matrix (P):\n",
      "[[8.89039002e-01 5.38496305e-02 1.52501482e-08 0.00000000e+00\n",
      "  0.00000000e+00 5.38496305e-02 3.26170472e-03 9.23710707e-10\n",
      "  0.00000000e+00 0.00000000e+00 1.52501482e-08 9.23710707e-10\n",
      "  2.61593720e-16 0.00000000e+00 0.00000000e+00 0.00000000e+00\n",
      "  0.00000000e+00 0.00000000e+00 0.00000000e+00 0.00000000e+00\n",
      "  0.00000000e+00 0.00000000e+00 0.00000000e+00 0.00000000e+00\n",
      "  0.00000000e+00]\n",
      " [2.21523225e-02 8.72218344e-01 2.21523211e-02 1.44774450e-09\n",
      "  0.00000000e+00 2.01763470e-03 7.94416924e-02 2.01763456e-03\n",
      "  1.31860645e-10 0.00000000e+00 1.18172416e-09 4.65288228e-08\n",
      "  1.18172408e-09 7.72304869e-17 0.00000000e+00 0.00000000e+00\n",
      "  0.00000000e+00 0.00000000e+00 0.00000000e+00 0.00000000e+00\n",
      "  0.00000000e+00 0.00000000e+00 0.00000000e+00 0.00000000e+00\n",
      "  0.00000000e+00]\n",
      " [1.42639899e-08 5.03674178e-02 8.23688955e-01 7.85990556e-03\n",
      "  1.16857639e-10 1.90986695e-09 6.74391020e-03 1.10287257e-01\n",
      "  1.05239656e-03 1.56465719e-11 2.30169949e-15 8.12750575e-09\n",
      "  1.32914035e-07 1.26830857e-09 1.88566572e-17 0.00000000e+00\n",
      "  0.00000000e+00 0.00000000e+00 0.00000000e+00 0.00000000e+00\n",
      "  0.00000000e+00 0.00000000e+00 0.00000000e+00 0.00000000e+00\n",
      "  0.00000000e+00]\n",
      " [4.46383585e-20 1.19287501e-07 9.89804519e-02 7.36851022e-01\n",
      "  2.39218129e-03 8.61513065e-21 2.30222938e-08 1.91030664e-02\n",
      "  1.42211050e-01 4.61687101e-04 2.12411827e-26 5.67630101e-14\n",
      "  4.70998919e-08 3.50630886e-07 1.13832053e-09 0.00000000e+00\n",
      "  0.00000000e+00 0.00000000e+00 0.00000000e+00 0.00000000e+00\n",
      "  0.00000000e+00 0.00000000e+00 0.00000000e+00 0.00000000e+00\n",
      "  0.00000000e+00]\n",
      " [5.25117070e-37 1.45812255e-18 8.45321194e-07 1.68681625e-01\n",
      "  6.16479817e-01 1.43682888e-37 3.98972479e-19 2.31297357e-07\n",
      "  4.61547804e-02 1.68681625e-01 7.20043993e-43 1.99938726e-24\n",
      "  1.15911000e-12 2.31297357e-07 8.45321194e-07 0.00000000e+00\n",
      "  0.00000000e+00 0.00000000e+00 0.00000000e+00 0.00000000e+00\n",
      "  0.00000000e+00 0.00000000e+00 0.00000000e+00 0.00000000e+00\n",
      "  0.00000000e+00]\n",
      " [2.21523225e-02 2.01763470e-03 1.18172416e-09 0.00000000e+00\n",
      "  0.00000000e+00 8.72218344e-01 7.94416924e-02 4.65288228e-08\n",
      "  0.00000000e+00 0.00000000e+00 2.21523211e-02 2.01763456e-03\n",
      "  1.18172408e-09 0.00000000e+00 0.00000000e+00 1.44774450e-09\n",
      "  1.31860645e-10 7.72304869e-17 0.00000000e+00 0.00000000e+00\n",
      "  0.00000000e+00 0.00000000e+00 0.00000000e+00 0.00000000e+00\n",
      "  0.00000000e+00]\n",
      " [2.23060074e-04 1.41477379e-02 5.64397717e-04 7.69372137e-11\n",
      "  0.00000000e+00 1.41477379e-02 8.97329968e-01 3.57973117e-02\n",
      "  4.87979547e-09 0.00000000e+00 5.64397717e-04 3.57973117e-02\n",
      "  1.42806724e-03 1.94670373e-10 0.00000000e+00 7.69372137e-11\n",
      "  4.87979547e-09 1.94670373e-10 2.65369537e-17 0.00000000e+00\n",
      "  0.00000000e+00 0.00000000e+00 0.00000000e+00 0.00000000e+00\n",
      "  0.00000000e+00]\n",
      " [4.59108682e-11 3.36793962e-04 8.44240252e-03 1.33106994e-04\n",
      "  4.15573390e-12 4.81128865e-09 3.52947577e-02 8.84732462e-01\n",
      "  1.39491191e-02 4.35505495e-10 2.94203515e-10 2.15822465e-03\n",
      "  5.41001422e-02 8.52968962e-04 2.66305468e-11 8.33180684e-17\n",
      "  6.11206528e-10 1.53210928e-08 2.41559746e-10 7.54173762e-18\n",
      "  0.00000000e+00 0.00000000e+00 0.00000000e+00 0.00000000e+00\n",
      "  0.00000000e+00]\n",
      " [4.36967520e-23 2.51007548e-10 4.28561549e-04 4.67897149e-03\n",
      "  2.63568277e-05 7.75722552e-21 4.45598829e-08 7.60799930e-02\n",
      "  8.30630090e-01 4.67897149e-03 7.10508409e-22 4.08137825e-09\n",
      "  6.96840315e-03 7.60799930e-02 4.28561549e-04 4.16143197e-28\n",
      "  2.39045418e-15 4.08137825e-09 4.45598829e-08 2.51007548e-10\n",
      "  0.00000000e+00 0.00000000e+00 0.00000000e+00 0.00000000e+00\n",
      "  0.00000000e+00]\n",
      " [1.52101816e-40 9.14935219e-22 1.13832053e-09 4.61687101e-04\n",
      "  2.39218129e-03 4.68511224e-38 2.81822684e-19 3.50630886e-07\n",
      "  1.42211050e-01 7.36851022e-01 6.29346385e-39 3.78569559e-20\n",
      "  4.70998919e-08 1.91030664e-02 9.89804519e-02 7.58464483e-45\n",
      "  4.56237728e-26 5.67630101e-14 2.30222938e-08 1.19287501e-07\n",
      "  0.00000000e+00 0.00000000e+00 0.00000000e+00 0.00000000e+00\n",
      "  0.00000000e+00]\n",
      " [1.42639899e-08 1.90986695e-09 2.30169949e-15 0.00000000e+00\n",
      "  0.00000000e+00 5.03674178e-02 6.74391020e-03 8.12750575e-09\n",
      "  0.00000000e+00 0.00000000e+00 8.23688955e-01 1.10287257e-01\n",
      "  1.32914035e-07 0.00000000e+00 0.00000000e+00 7.85990556e-03\n",
      "  1.05239656e-03 1.26830857e-09 0.00000000e+00 0.00000000e+00\n",
      "  1.16857639e-10 1.56465719e-11 1.88566572e-17 0.00000000e+00\n",
      "  0.00000000e+00]\n",
      " [4.59108682e-11 4.81128865e-09 2.94203515e-10 8.33180684e-17\n",
      "  0.00000000e+00 3.36793962e-04 3.52947577e-02 2.15822465e-03\n",
      "  6.11206528e-10 0.00000000e+00 8.44240252e-03 8.84732462e-01\n",
      "  5.41001422e-02 1.53210928e-08 0.00000000e+00 1.33106994e-04\n",
      "  1.39491191e-02 8.52968962e-04 2.41559746e-10 0.00000000e+00\n",
      "  4.15573390e-12 4.35505495e-10 2.66305468e-11 7.54173762e-18\n",
      "  0.00000000e+00]\n",
      " [2.49515281e-18 3.81789912e-11 1.50324728e-09 3.81789912e-11\n",
      "  2.49515274e-18 3.81789912e-11 5.84186814e-04 2.30015831e-02\n",
      "  5.84186814e-04 3.81789901e-11 1.50324728e-09 2.30015831e-02\n",
      "  9.05656914e-01 2.30015831e-02 1.50324724e-09 3.81789912e-11\n",
      "  5.84186814e-04 2.30015831e-02 5.84186814e-04 3.81789901e-11\n",
      "  2.49515274e-18 3.81789901e-11 1.50324724e-09 3.81789901e-11\n",
      "  2.49515266e-18]\n",
      " [6.10336600e-31 7.54173676e-18 2.66305438e-11 4.35505446e-10\n",
      "  4.15573343e-12 1.95489127e-23 2.41559745e-10 8.52968962e-04\n",
      "  1.39491191e-02 1.33106994e-04 1.23990322e-21 1.53210928e-08\n",
      "  5.41001422e-02 8.84732462e-01 8.44240252e-03 4.94636350e-23\n",
      "  6.11206527e-10 2.15822465e-03 3.52947577e-02 3.36793962e-04\n",
      "  6.74275274e-30 8.33180677e-17 2.94203513e-10 4.81128862e-09\n",
      "  4.59108678e-11]\n",
      " [5.41381784e-49 7.05631792e-30 1.88566640e-17 1.56465775e-11\n",
      "  1.16857681e-10 3.64136072e-41 4.74611442e-22 1.26830857e-09\n",
      "  1.05239656e-03 7.85990556e-03 3.81601099e-39 4.97375190e-20\n",
      "  1.32914035e-07 1.10287257e-01 8.23688955e-01 2.33343690e-40\n",
      "  3.04137914e-21 8.12750575e-09 6.74391020e-03 5.03674178e-02\n",
      "  6.60826418e-47 8.61314776e-28 2.30169949e-15 1.90986695e-09\n",
      "  1.42639899e-08]\n",
      " [4.46383585e-20 8.61513065e-21 2.12411827e-26 0.00000000e+00\n",
      "  0.00000000e+00 1.19287501e-07 2.30222938e-08 5.67630101e-14\n",
      "  0.00000000e+00 0.00000000e+00 9.89804519e-02 1.91030664e-02\n",
      "  4.70998919e-08 0.00000000e+00 0.00000000e+00 7.36851022e-01\n",
      "  1.42211050e-01 3.50630886e-07 0.00000000e+00 0.00000000e+00\n",
      "  2.39218129e-03 4.61687101e-04 1.13832053e-09 0.00000000e+00\n",
      "  0.00000000e+00]\n",
      " [4.36967520e-23 7.75722552e-21 7.10508409e-22 4.16143197e-28\n",
      "  0.00000000e+00 2.51007548e-10 4.45598829e-08 4.08137825e-09\n",
      "  2.39045418e-15 0.00000000e+00 4.28561549e-04 7.60799930e-02\n",
      "  6.96840315e-03 4.08137825e-09 0.00000000e+00 4.67897149e-03\n",
      "  8.30630090e-01 7.60799930e-02 4.45598829e-08 0.00000000e+00\n",
      "  2.63568277e-05 4.67897149e-03 4.28561549e-04 2.51007548e-10\n",
      "  0.00000000e+00]\n",
      " [6.10336600e-31 1.95489127e-23 1.23990322e-21 4.94636350e-23\n",
      "  6.74275274e-30 7.54173676e-18 2.41559745e-10 1.53210928e-08\n",
      "  6.11206527e-10 8.33180677e-17 2.66305438e-11 8.52968962e-04\n",
      "  5.41001422e-02 2.15822465e-03 2.94203513e-10 4.35505446e-10\n",
      "  1.39491191e-02 8.84732462e-01 3.52947577e-02 4.81128862e-09\n",
      "  4.15573343e-12 1.33106994e-04 8.44240252e-03 3.36793962e-04\n",
      "  4.59108678e-11]\n",
      " [3.75091206e-44 9.97686228e-31 7.31884869e-24 1.83461325e-22\n",
      "  2.89253992e-24 9.97686228e-31 2.65369541e-17 1.94670374e-10\n",
      "  4.87979550e-09 7.69372143e-11 7.31884869e-24 1.94670374e-10\n",
      "  1.42806724e-03 3.57973117e-02 5.64397717e-04 1.83461325e-22\n",
      "  4.87979550e-09 3.57973117e-02 8.97329968e-01 1.41477379e-02\n",
      "  2.89253992e-24 7.69372143e-11 5.64397717e-04 1.41477379e-02\n",
      "  2.23060074e-04]\n",
      " [8.30768953e-63 2.34675989e-43 1.34805087e-30 2.30161513e-24\n",
      "  2.52702438e-23 4.75951569e-49 1.34447014e-29 7.72304891e-17\n",
      "  1.31860649e-10 1.44774454e-09 7.28266048e-42 2.05720922e-22\n",
      "  1.18172408e-09 2.01763456e-03 2.21523211e-02 2.86745124e-40\n",
      "  8.09998923e-21 4.65288228e-08 7.94416924e-02 8.72218344e-01\n",
      "  7.28266096e-42 2.05720936e-22 1.18172416e-09 2.01763470e-03\n",
      "  2.21523225e-02]\n",
      " [5.25117070e-37 1.43682888e-37 7.20043993e-43 0.00000000e+00\n",
      "  0.00000000e+00 1.45812255e-18 3.98972479e-19 1.99938726e-24\n",
      "  0.00000000e+00 0.00000000e+00 8.45321194e-07 2.31297357e-07\n",
      "  1.15911000e-12 0.00000000e+00 0.00000000e+00 1.68681625e-01\n",
      "  4.61547804e-02 2.31297357e-07 0.00000000e+00 0.00000000e+00\n",
      "  6.16479817e-01 1.68681625e-01 8.45321194e-07 0.00000000e+00\n",
      "  0.00000000e+00]\n",
      " [1.52101816e-40 4.68511224e-38 6.29346385e-39 7.58464483e-45\n",
      "  0.00000000e+00 9.14935219e-22 2.81822684e-19 3.78569559e-20\n",
      "  4.56237728e-26 0.00000000e+00 1.13832053e-09 3.50630886e-07\n",
      "  4.70998919e-08 5.67630101e-14 0.00000000e+00 4.61687101e-04\n",
      "  1.42211050e-01 1.91030664e-02 2.30222938e-08 0.00000000e+00\n",
      "  2.39218129e-03 7.36851022e-01 9.89804519e-02 1.19287501e-07\n",
      "  0.00000000e+00]\n",
      " [5.41381784e-49 3.64136072e-41 3.81601099e-39 2.33343690e-40\n",
      "  6.60826418e-47 7.05631792e-30 4.74611442e-22 4.97375190e-20\n",
      "  3.04137914e-21 8.61314776e-28 1.88566640e-17 1.26830857e-09\n",
      "  1.32914035e-07 8.12750575e-09 2.30169949e-15 1.56465775e-11\n",
      "  1.05239656e-03 1.10287257e-01 6.74391020e-03 1.90986695e-09\n",
      "  1.16857681e-10 7.85990556e-03 8.23688955e-01 5.03674178e-02\n",
      "  1.42639899e-08]\n",
      " [8.30768953e-63 4.75951569e-49 7.28266048e-42 2.86745124e-40\n",
      "  7.28266096e-42 2.34675989e-43 1.34447014e-29 2.05720922e-22\n",
      "  8.09998923e-21 2.05720936e-22 1.34805087e-30 7.72304891e-17\n",
      "  1.18172408e-09 4.65288228e-08 1.18172416e-09 2.30161513e-24\n",
      "  1.31860649e-10 2.01763456e-03 7.94416924e-02 2.01763470e-03\n",
      "  2.52702438e-23 1.44774454e-09 2.21523211e-02 8.72218344e-01\n",
      "  2.21523225e-02]\n",
      " [4.56917437e-82 2.79788955e-62 3.45726382e-49 1.22079063e-42\n",
      "  2.01548362e-41 2.79788955e-62 1.71326050e-42 2.11702193e-29\n",
      "  7.47539286e-23 1.23416182e-21 3.45726382e-49 2.11702193e-29\n",
      "  2.61593719e-16 9.23710705e-10 1.52501482e-08 1.22079063e-42\n",
      "  7.47539286e-23 9.23710705e-10 3.26170472e-03 5.38496305e-02\n",
      "  2.01548362e-41 1.23416182e-21 1.52501482e-08 5.38496305e-02\n",
      "  8.89039002e-01]]\n",
      "\n",
      "Grid (G):\n",
      "[[-2.4973999  -2.4973999 ]\n",
      " [-2.4973999  -1.24869995]\n",
      " [-2.4973999   0.        ]\n",
      " [-2.4973999   1.24869995]\n",
      " [-2.4973999   2.4973999 ]\n",
      " [-1.24869995 -2.4973999 ]\n",
      " [-1.24869995 -1.24869995]\n",
      " [-1.24869995  0.        ]\n",
      " [-1.24869995  1.24869995]\n",
      " [-1.24869995  2.4973999 ]\n",
      " [ 0.         -2.4973999 ]\n",
      " [ 0.         -1.24869995]\n",
      " [ 0.          0.        ]\n",
      " [ 0.          1.24869995]\n",
      " [ 0.          2.4973999 ]\n",
      " [ 1.24869995 -2.4973999 ]\n",
      " [ 1.24869995 -1.24869995]\n",
      " [ 1.24869995  0.        ]\n",
      " [ 1.24869995  1.24869995]\n",
      " [ 1.24869995  2.4973999 ]\n",
      " [ 2.4973999  -2.4973999 ]\n",
      " [ 2.4973999  -1.24869995]\n",
      " [ 2.4973999   0.        ]\n",
      " [ 2.4973999   1.24869995]\n",
      " [ 2.4973999   2.4973999 ]]\n"
     ]
    }
   ],
   "source": [
    "# Display results\n",
    "print(\"Transition Matrix (P):\")\n",
    "print(P)\n",
    "print(\"\\nGrid (G):\")\n",
    "print(G)\n"
   ]
  }
 ],
 "metadata": {
  "kernelspec": {
   "display_name": "base",
   "language": "python",
   "name": "python3"
  },
  "language_info": {
   "codemirror_mode": {
    "name": "ipython",
    "version": 3
   },
   "file_extension": ".py",
   "mimetype": "text/x-python",
   "name": "python",
   "nbconvert_exporter": "python",
   "pygments_lexer": "ipython3",
   "version": "3.12.4"
  }
 },
 "nbformat": 4,
 "nbformat_minor": 2
}
